Set1 (50) : 33408 33410 33411 33708 33709 33108 33109 33413 33710 34009 33404 33405 32808 32809 33110 33111 33712 34011 34308 34309 33704 33705 33402 33403 33104 33105 32508 32509 32810 32811 33112 33113 33416 33417 34310 34608 34609 34004 34005 33702 33703 33400 33401 33102 33103 32804 32805 32208 32209 32510
Set2 (50) : 32511 32812 32813 33418 33419 34312 34313 34610 34611 34908 34909 34304 34305 34002 34003 33700 33701 33100 33101 32802 32803 32504 32505 31908 31909 32210 32211 32512 32513 33116 33117 34017 34612 34613 34910 34911 35208 35209 34604 34605 34302 34303 34000 34001 33396 33397 32800 32801 32502 32503
Set3 (50) : 33721 33120 33121 33722 33723 34020 33118 33119 32820 32821 33122 33123 33426 33427 34023 34320 34321 34018 34019 32818 32819 32520 32521 32822 32823 33428 33429 33726 33727 34322 34323 34620 34621 34318 32816 32817 32518 32519 32220 32221 32522 32523 33126 33127 33728 33729 34026 34027 34622 34623
Set4 (50) : 32222 32223 32826 32827 33128 33129 33432 33433 34028 34029 34326 34327 34923 31922 31923 32526 32527 32828 32829 33434 33435 33732 33733 34627 35222 35223 34920 34921 34618 34619 34316 32516 32517 32218 32219 31920 31921 31622 31623 32226 32227 32528 32529 33132 33133 33436 33437 33734 33735 34032
Set5 (50) : 34912 34913 35210 35211 34616 34617 35212 35213 35510 35511 31910 31911 32212 32213 34916 34917 35512 35513 35810 35811 35508 35509 34904 34905 34602 34603 34300 34301 33696 33697 31610 31611 31912 31913 34918 34919 35216 35217 35812 35813 36110 36111 35808 35809 35204 35205 34902 34903 34600 34601
Set6 (50) : 31612 31613 32216 32217 35218 35219 35516 35517 36112 36113 31312 31313 31916 31917 35220 35221 35518 35519 35816 35817 36412 33996 33997 33694 33695 32204 32205 31608 31609 31310 31311 31012 31013 31616 31617 31918 31919 35520 35521 35818 35819 36116 36117 36713 36410 36411 36108 36109 35504 35505
Set7 (41) : 31316 31317 31618 31619 34033 34629 34927 35523 35820 35821 36118 36119 36416 36417 31016 31017 31318 31319 31620 31621 33736 33737 34034 34035 34333 34928 35226 35227 35822 35823 36120 36121 36418 36716 36717 30716 30717 31018 31019 31320 31321
Set8 (28) : 33738 33739 34036 34037 34334 34335 34632 34633 35229 35526 35527 36122 36420 36719 30718 30719 31020 31021 31322 31323 31926 31927 32228 32229 32832 32833 33134 33135
Set9 (20) : 35202 35203 34900 34901 34296 34297 33994 33995 37012 37013 36409 35804 35502 35503 35200 35201 34596 34597 34294 34295
Set10 (24) : 34038 34039 34336 34634 35528 35529 35826 35827 36422 36423 36721 34338 34636 34637 34934 34935 35233 35828 35829 36126 36722 36723 37020 37021
Set11 (27) : 34042 34043 34638 34639 34936 35532 35533 36128 36129 36426 36427 37022 37023 31022 31023 31626 31627 31928 31929 32532 32533 32834 32835 33136 33137 33438 33439
Set12 (50) : 34044 34045 34342 34343 35535 35832 35833 36428 36726 36727 31326 31327 31628 31629 32232 32233 32534 32535 32836 32837 33138 33139 33742 33743 34344 34345 34642 34643 35239 35536 35537 35834 35835 36132 36133 37026 37027 31026 31027 31328 31329 31932 31933 32234 32235 32536 32537 32838 32839 33442
Set13 (21) : 37011 36708 36709 36104 36105 35500 34896 34897 34594 34595 37310 37008 36102 36103 35801 35196 35197 34894 34895 34290 34291
Set14 (5) : 37016 37017 37018 37019 37316
Set15 (0) :
Set16 (2) : 37320 37321
Set17 (24) : 34644 34645 34942 35538 36135 37028 37029 34348 34349 34944 34945 35242 35243 35838 35839 36136 36137 36434 36435 36733 37329 33443 33744 33745
Set18 (50) : 34350 34351 34648 34649 35244 35245 36138 36139 36436 37032 31632 31633 31934 31935 32236 32237 32538 32539 33142 33143 33444 33445 34048 34049 34352 34353 34650 34651 34949 35843 36438 36439 36736 37034 37035 31332 31333 31634 31635 31936 31937 32238 32239 32842 32843 33144 33145 33748 33749 34050
Set19 (50) : 34051 34354 34355 34652 34653 34950 34951 35248 35249 35845 36142 36143 36738 36739 37036 37037 31636 31637 31938 31939 32542 32543 32844 32845 33448 33449 33750 33751 34052 34053 34654 34655 34952 34953 36144 36145 36442 36443 37038 31336 31337 31638 31639 32242 32243 32544 32545 33148 33149 33450
Set20 (31) : 33451 33752 33753 34054 34055 34358 34359 34954 34955 35252 35253 35551 35848 35849 36445 36742 36743 31338 31339 31942 31943 32244 32245 32848 32849 33150 33151 33452 33453 33754 33755        
Set21 (3) : 37326 37327 37626
Set22 (2) : 37334 37635
Set23 (8) : 37322 37323 37622 37623 37922 37923 37620 37621
Set24 (2) : 37629 37928
Set25 (2) : 37632 37633
Set26 (15) : 37636 37637 35254 35255 35552 35553 35850 35851 36744 36745 37042 37043 37638 37639 37936
Set27 (10) : 34958 34959 35554 35555 35852 35853 36150 36449 37044 37343
Set28 (30) : 34960 34961 35258 35259 35854 35855 36152 36153 36450 36451 36748 37344 37345 37642 34658 34659 35260 35261 35558 35559 36154 36155 36452 36453 36750 36751 37644 37942 34660 34661
Set29 (27) : 34964 34965 35560 35561 36454 36455 36752 36753 37050 37348 37349 37944 37945 31944 31945 32548 32549 32850 32851 33152 33153 33454 33455 34058 34059 34360 34361
Set30 (50) : 34990 34992 34993 35290 35291 34988 34989 34690 34691 34994 34995 35292 35591 34688 34689 34390 34391 34692 34693 35294 35295 35891 35588 35589 34984 34985 34388 34389 34090 34091 34392 34393 34694 34695 34998 34999 35594 35595 35892 35893 36190 36191 35888 35889 35284 34982 34983 34684 34685 34088
Set31 (50) : 34089 33790 33791 34092 34093 34394 34395 35000 35001 35298 35299 35894 36192 36491 36188 35282 35283 34682 34683 34384 34385 33788 33789 33490 33491 33792 33793 34094 34095 34698 34699 35300 35301 35598 35599 36493 36790 36791 36488 36489 35884 35885 35582 35583 34978 34979 34382 34383 34084 34085
Set32 (50) : 35184 35186 35187 35484 35485 34884 35188 35785 35180 35181 34584 34585 34886 35191 35488 35787 36085 35480 35481 35178 35179 34880 34881 34284 34285 34586 34587 34888 34889 35490 35491 35788 35789 36086 36384 35780 35478 35479 34878 34879 34580 34581 33984 33985 34286 34287 34588 34589 34890 34891
Set33 (50) : 35194 35195 35790 36387 35778 35779 35174 35175 34578 34579 34280 34281 33684 33685 33986 33987 34288 34289 34590 34591 35494 35495 36091 36389 36686 36687 36984 36985 36380 36381 36078 36079 35474 35475 35172 35173 34874 34875 34278 34279 33980 33981 33384 33385 33686 33687 33988 33989 35496 35497
Set34 (50) : 35794 36390 36391 36688 33688 33689 33990 33991 35796 36094 36095 36690 36691 36989 33388 33389 33690 33691 36096 36097 36394 36395 36991 37288 37289 33386 33387 33088 33089 33390 33391 36396 36397 36694 36695 37290 37588 37286 37287 33086 33087 32788 32789 33090 33091 36100 36697 36994 36995 37591
Set35 (7) : 37619 37918 37920 38218 37916 37917 37312
Set36 (4) : 37934 37935 38234 38235
Set37 (1) : 38237
Set38 (50) : 35264 35265 35860 36754 36755 37052 37053 37350 37351 37648 37649 35266 35267 35564 35565 36458 36459 37054 37055 37352 37353 37650 37948 37949 35268 35269 35566 35864 35865 36758 36759 37354 37355 37652 37951 38248 38249 32248 32249 32550 32551 32852 32853 33154 33155 33758 33759 34060 34061 34664
Set39 (27) : 34665 34966 34967 35568 35569 35867 36165 37655 37952 37953 38250 32250 32251 32552 32553 32854 32855 33458 33459 33760 33761 34364 34365 34666 34667 34968 34969
Set40 (50) : 35272 35273 34668 34669 35274 35275 35572 36168 36169 34368 34369 34972 34973 35276 35574 35575 35872 35873 36166 36167 34366 34367 34068 34069 34672 34673 34974 34975 35278 35577 35874 35875 36172 36173 36769 36466 34066 34067 33768 33769 34372 34373 34674 34675 34976 34977 35578 35579 35876 36472
Set41 (50) : 34676 34677 35878 34376 34377 34678 34679 36179 36476 36477 34374 34375 34076 34077 34378 34379 35882 36478 36479 36776 36475 34074 34075 33776 33777 34078 34079 36182 36183 36779 37077 36774 36473 34072 34073 33774 33775 33476 33477 33778 33779 36185 37078 37079 37376 37074 36772 36773 33772 33773
Set42 (50) : 33478 33479 34082 34083 36485 36783 33178 33179 33782 33783 36784 36785 37082 37679 33474 33475 33176 33177 32878 32879 33482 33483 33784 33785 37084 37085 37978 37374 37375 37073 33472 33473 33174 33175 32876 32877 32578 32579 33182 33183 33484 33485 37384 37385 37682 37683 37976 37977 37674 37675
Set43 (50) : 33184 33185 37088 37089 37685 32884 32885 33488 33489 35600 35601 35898 35899 36494 36495 36792 36793 37091 37388 37985 32882 32883 32584 32585 33188 33189 35304 35305 35900 35901 36199 37391 38284 38285 37983 32582 32583 32284 32285 32888 32889 33190 33191 33492 33493 33794 33795 34398 34399 34700
Set44 (50) : 34701 35306 35307 35604 35605 36200 36201 36498 37095 37392 37393 37690 37988 37989 32588 32589 32890 32891 33192 33193 33494 33495 34098 34099 34400 34401 35004 35005 35308 35309 35606 35607 35904 35905 36500 36501 36799 37394 37692 37693 38288 32288 32289 32590 32591 32892 32893 33194 33195 33798
Set45 (50) : 33799 34100 34101 34704 34705 35006 35007 35310 35311 35608 35609 35906 35907 36204 36205 36801 37098 37099 37694 37695 37992 37993 32592 32593 32894 32895 33498 33499 33800 33801 34404 34405 34706 34707 35008 35009 35610 35611 35908 35909 36206 36207 36504 36505 37100 37101 37994 37995 38292 32292
Set46 (42) : 32594 32595 33198 33199 33500 33501 34104 34105 34406 34407 34708 34709 35010 35011 35314 35315 35910 35911 36208 36209 36506 36507 36804 36805 37400 37699 38294 38295 32294 32295 32898 32899 33200 33201 33804 33805 34106 34107 34408 34409 34710 34711
Set47 (50) : 37586 36680 36378 36379 35774 35775 35472 35473 37886 37585 36981 36678 36679 36074 36075 35772 35773 35470 35471 37889 38186 38187 37884 37280 36978 36979 36374 36375 36072 36073 35770 35771 35468 35469 35170 35171 34872 34873 34574 34575 33978 33979 33680 33681 33084 33085 32786 32787 36996 36997
Set48 (19) : 37295 37890 37891 38188 36402 36403 36700 36701 37296 37297 37594 37595 38191 32488 32489 32790 32791 33394 33395
Set49 (24) : 36705 37300 37301 37004 37302 37303 37600 37604 37605 37903 38200 38201 37596 37597 37308 37309 37905 38202 38500 38501 33096 33097 32500 32501
Set50 (3) : 37608 37609 38503
Set51 (3) : 38239 38538 38539
Set52 (5) : 38242 38243 38244 38245 38542
Set53 (2) : 38544 38545
Set54 (2) : 38548 38549
Set55 (5) : 36464 37954 37955 38252 38551
Set56 (47) : 37361 37658 37659 36766 36767 37064 37065 37660 37661 37958 33158 33159 33460 33461 34064 34065 37066 37067 37364 37365 37960 37961 38258 38259 32858 32859 33160 33161 33764 33765 37068 37069 37366 37367 37664 37665 38260 38261 38558 32558 32559 32860 32861 33464 33465 33766 33767
Set57 (39) : 37368 37369 37666 37667 33466 33467 37668 37669 37966 37967 33166 33167 33468 33469 37373 37969 38266 38267 37964 37965 33164 33165 32866 32867 33168 33169 37672 38268 38269 38566 38567 38264 38265 32864 32865 32566 32567 32868 32869
Set58 (6) : 38568 38569 32568 32569 33172 33173
Set59 (11) : 37975 38272 38273 32872 32873 38274 38573 32572 32573 32874 32875
Set60 (2) : 32574 32575
Set61 (3) : 38282 38283 38582
Set62 (0) :
Set63 (3) : 38290 38291 38590
Set64 (0) :
Set65 (50) : 37581 36674 36675 36372 36373 36070 36071 35768 35769 37880 37881 37578 37579 36974 36975 36672 36673 36370 36371 36068 36069 37879 37274 37275 36972 36973 36670 36671 36368 36369 35764 35765 35168 35169 34870 34871 34572 34573 34274 34275 33678 33679 33380 33381 38481 38179 37574 37575 37272 37273
Set66 (5) : 38484 38485 38785 32784 32785
Set67 (7) : 37894 38490 38491 38194 38195 38790 38791
Set68 (12) : 38196 38197 38494 38495 33094 33095 38496 38497 38794 38795 32794 32795
Set69 (4) : 38796 38797 32796 32797
Set70 (3) : 38505 38802 38803
Set71 (3) : 37910 37911 38804
Set72 (10) : 38534 38535 38232 38233 38536 38537 38834 38835 38532 38533
Set73 (2) : 38836 38837
Set74 (5) : 38254 38255 38553 38850 38851
Set75 (3) : 38560 38561 38858
Set76 (2) : 38860 38861
Set77 (1) : 38868
Set78 (1) : 38873
Set79 (4) : 38577 38578 38579 38876
Set80 (0) :
Set81 (1) : 38882
Set82 (23) : 36210 36211 36508 36509 36806 36807 37104 37700 37701 37998 38595 35914 35915 36510 36511 36808 36809 37106 37107 37404 38000 38298 38894
Set83 (50) : 36970 36971 36668 36669 36064 36065 38780 38478 38479 37874 37875 37572 37573 37270 37271 36968 36969 36364 36365 36062 36063 39080 39081 38778 38779 38174 38175 37872 37873 37570 37571 37268 37269 36664 36665 36362 36363 35762 35763 35464 35465 34868 34869 34570 34571 34272 34273 33974 33975 33378
Set84 (5) : 38787 38788 38789 39086 39087
Set85 (0) :
Set86 (2) : 39090 39091
Set87 (4) : 38800 38801 39100 39101
Set88 (2) : 39102 39103
Set89 (10) : 37913 38211 38212 38511 38513 38810 38217 38812 38813 38809
Set90 (15) : 38222 38223 37927 38523 38221 38226 38822 38823 38520 38521 38228 39122 39123 38518 38519
Set91 (8) : 38528 38529 38826 38827 38828 38829 39126 39127
Set92 (4) : 38848 38849 39148 39149
Set93 (4) : 38554 38555 38852 38853
Set94 (2) : 39158 39159
Set95 (4) : 38564 38565 39160 39161
Set96 (3) : 38874 38875 39172
Set97 (0) :
Set98 (1) : 39176
Set99 (4) : 38589 38888 38890 38891
Set100 (4) : 38892 38893 39190 39191
Set101 (0) :
Set102 (10) : 36214 36215 36810 36811 37108 37109 37406 37704 37705 38599
Set103 (2) : 39085 39384
Set104 (2) : 39386 39387
Set105 (6) : 39096 39097 39396 39397 39094 39095
Set106 (2) : 39400 39401
Set107 (2) : 39104 39403
Set108 (0) :
Set109 (1) : 39108
Set110 (4) : 38517 39113 38816 38817
Set111 (8) : 38818 39118 39119 39120 39121 39418 39419 39117
Set112 (2) : 39420 39421
Set113 (2) : 39422 39423
Set114 (5) : 39128 38832 38833 39428 39429
Set115 (6) : 39132 39133 39134 39135 39432 39433
Set116 (7) : 38838 38839 39136 39137 39138 39139 39436
Set117 (4) : 39458 39459 38854 38855
Set118 (4) : 38864 38865 39460 39461
Set119 (8) : 38866 38867 39164 39165 39166 39167 39464 39465
Set120 (4) : 39168 39169 39466 39467
Set121 (2) : 39468 39469
Set122 (2) : 39179 39478
Set123 (4) : 38884 38885 39182 39183
Set124 (34) : 36514 36515 37706 37707 38004 38005 38600 38601 36516 36517 36814 36815 37411 37708 38006 38007 38304 38305 38901 39199 36816 36817 37114 37115 37710 38306 38307 38604 38605 39200 39201 39498 36216 36217
Set125 (16) : 36520 36521 37116 37117 37414 38011 38309 38606 38607 38905 39500 39501 35614 35615 35916 35917
Set126 (32) : 39380 39381 39078 39079 38474 38475 38172 38173 37870 37871 37568 37569 36964 36965 36662 36663 39680 39681 39378 39379 38774 38775 38472 38473 38170 38171 37868 37869 37264 37265 36962 36963 
Set127 (1) : 39684
Set128 (5) : 39388 39389 39390 39391 39688
Set129 (1) : 39690
Set130 (2) : 39702 39703
Set131 (2) : 39410 39411
Set132 (2) : 39712 39713
Set133 (4) : 39718 39719 39416 39417
Set134 (4) : 39728 39729 39426 39427
Set135 (2) : 39434 39435
Set136 (4) : 38842 38843 39438 39439
Set137 (7) : 39449 38844 38845 39451 39748 39749 39144
Set138 (3) : 39758 39154 39155
Set139 (2) : 39760 39761
Set140 (2) : 39764 39765
Set141 (5) : 39475 39476 39477 39774 39473
Set142 (0) :
Set143 (1) : 39779
Set144 (3) : 39488 39489 39789
Set145 (4) : 39493 39494 39495 39792
Set146 (0) :
Set147 (12) : 36820 36821 37416 37417 38310 38311 38906 38907 39204 39205 39800 39801
Set148 (3) : 39686 39687 39987
Set149 (2) : 39988 39989
Set150 (4) : 39700 39701 40000 40001
Set151 (4) : 39704 39705 40002 40003
Set152 (1) : 40004
Set153 (2) : 39708 39709
Set154 (1) : 40012
Set155 (4) : 39726 39727 40026 40027
Set156 (4) : 39732 39733 40032 40033
Set157 (4) : 39142 39143 39739 40038
Set158 (5) : 39444 39742 39743 39744 39745
Set159 (1) : 40045
Set160 (4) : 39452 39453 39750 40048
Set161 (2) : 39454 40050
Set162 (1) : 40058
Set163 (1) : 40061
Set164 (3) : 40074 39772 39773
Set165 (6) : 39485 39782 39783 39784 39785 40082
Set166 (4) : 39790 39791 40090 40091
Set167 (1) : 40093
Set168 (36) : 37120 37121 37716 37717 38015 39207 39504 39505 37122 37123 37420 37421 38017 38314 38910 38911 39208 39506 39507 39804 39805 37124 37125 37422 37423 37720 37721 38316 38317 38614 39211 39509 39806 40104 36822 36823
Set169 (42) : 37424 37425 37722 37723 38020 38021 38616 38914 38915 39511 39809 35616 35617 36220 36221 36522 36523 36824 36825 37128 37129 37724 38022 38023 38320 38917 39810 40108 34108 34109 34410 34411 35014 35015 35316 35317 35920 35921 36222 36223 36524 36525
Set170 (24) : 37130 37131 37428 37429 38025 38323 38620 39216 39217 39515 34110 34111 34714 34715 35016 35017 35620 35621 35922 35923 36224 36225 36828 36829
Set171 (45) : 39678 39679 39074 39075 38772 38773 38470 38471 38168 38169 37564 37565 37262 37263 39978 39979 39374 39375 39072 39073 38770 38771 38468 38469 37864 37865 37562 37563 39980 39981 40278 39674 39675 39372 39373 39070 39071 38768 38769 38164 38165 37862 37863 37258 37259
Set172 (2) : 40280 40281
Set173 (2) : 39984 39985
Set174 (8) : 39394 39395 39990 39991 39694 39695 40290 40291
Set175 (0) :
Set176 (2) : 40011 40309
Set177 (1) : 40310
Set178 (4) : 39716 39717 40312 40313
Set179 (7) : 40016 40017 39720 39721 40018 40019 40316
Set180 (4) : 39722 39723 40020 40318
Set181 (4) : 40028 40029 40328 40329
Set182 (3) : 40035 40332 40333
Set183 (3) : 40036 40037 40334
Set184 (0) :
Set185 (1) : 40339
Set186 (4) : 40054 40055 40354 40053
Set187 (0) :
Set188 (0) :
Set189 (5) : 40077 40078 40079 40376 40377
Set190 (2) : 40378 40379
Set191 (2) : 40084 40383
Set192 (2) : 40089 40388
Set193 (6) : 40094 40095 39798 39799 40394 40395
Set194 (5) : 40099 40100 40101 40398 40399
Set195 (2) : 40400 40401
Set196 (2) : 40106 40405
Set197 (0) :
Set198 (0) :
Set199 (41) : 37430 37431 37728 37729 38623 38921 39516 39517 37432 37433 37730 37731 38028 38922 39816 39817 40114 37434 37435 37732 37733 38924 40116 40117 40414 34414 34415 34716 34717 35320 35321 35622 35623 35924 35925 36528 36529 36830 36831 37132 37133
Set200 (2) : 40580 40581
Set201 (6) : 40286 40287 40288 40289 40586 40587
Set202 (0) :
Set203 (4) : 39696 39697 39994 39995
Set204 (7) : 40301 40302 40303 40600 40601 39996 39997
Set205 (2) : 40602 40603
Set206 (1) : 40608
Set207 (0) :
Set208 (0) :
Set209 (0) :
Set210 (3) : 40326 40327 40626
Set211 (2) : 40628 40629
Set212 (3) : 40343 40345 40642
Set213 (1) : 40644
Set214 (6) : 40350 40351 40352 40651 40348 40349
Set215 (0) :
Set216 (11) : 40373 39768 39769 40374 40375 40672 40673 40068 40069 39766 39767
Set217 (0) :
Set218 (0) :
Set219 (4) : 40390 40391 40688 40689
Set220 (3) : 40392 40393 40690
Set221 (2) : 40692 40693
Set222 (2) : 40411 40708
Set223 (0) :
Set224 (12) : 37734 37735 38032 38033 38629 39522 39523 39820 39821 40416 40417 40715
Set225 (12) : 38034 38035 38332 38333 38630 38631 38928 39524 39525 40120 40716 40717
Set226 (50) : 37738 37739 38334 38335 39229 35624 35625 36228 36229 36530 36531 36832 36833 37134 37135 38038 38039 38634 38635 38933 39231 39528 35324 35325 35928 35929 36230 36231 36532 36533 36834 36835 37438 37439 38338 38339 38934 38935 39232 39233 39530 39531 39828 40424 40123 35322 35323 35024 35025 35628
Set227 (30) : 40578 40579 39974 39975 39672 39673 39370 39371 39068 39069 38464 38465 38162 38163 40878 40879 40274 40275 39972 39973 39670 39671 39368 39369 38764 38765 38462 38463 37858 37859
Set228 (4) : 40584 40585 40884 40885
Set229 (2) : 40886 40887
Set230 (10) : 40294 40295 40296 40297 40594 40595 40596 40597 40894 40895
Set231 (2) : 40896 40897
Set232 (2) : 40900 40901
Set233 (2) : 40604 40605
Set234 (0) :
Set235 (5) : 40619 40323 40620 40621 40918
Set236 (1) : 40622
Set237 (1) : 40928
Set238 (6) : 40632 40633 40634 40635 40932 40933
Set239 (4) : 40637 40638 40639 40936
Set240 (0) :
Set241 (0) :
Set242 (2) : 40655 40955
Set243 (3) : 40658 40064 40065
Set244 (5) : 40973 40368 40369 40066 40067
Set245 (3) : 40678 40679 40978
Set246 (2) : 40990 40991
Set247 (6) : 40698 40699 40700 40701 40998 40999
Set248 (2) : 41000 41001
Set249 (4) : 40704 40705 40706 40707
Set250 (0) :
Set251 (0) :
Set252 (17) : 40422 40423 40420 40421 38638 38639 39234 39235 39532 39533 39831 40129 41022 41023 40721 35022 35023
Set253 (50) : 38044 38045 38938 38939 39534 39535 39832 39833 40130 35629 35930 35931 36232 36233 36534 36535 37138 37139 38046 38047 38344 38345 39238 39239 39834 39835 40728 35328 35329 35630 35631 35932 35933 36234 36235 36838 36839 37744 37745 38048 38049 38346 38347 38644 38645 39538 39539 40134 40135 40730
Set254 (43) : 40731 35330 35331 35632 35633 35934 35935 36538 36539 37444 37445 37746 37747 38050 38051 38348 38349 38646 38647 38944 38945 39838 39839 40434 40435 40732 40733 41030 41031 35030 35031 35332 35333 35634 35635 36238 36239 37144 37145 37446 37447 37748 37749
Set255 (30) : 38052 38053 38350 38351 38648 38649 38946 38947 39244 39245 40138 40139 40734 40735 41032 41033 35032 35033 35334 35335 35938 35939 36844 36845 37146 37147 37448 37449 37750 37751
Set256 (4) : 40880 40881 41180 41181
Set257 (2) : 41184 41185
Set258 (4) : 40889 40890 40891 41188
Set259 (0) :
Set260 (4) : 40902 40903 41202 41203
Set261 (1) : 41205
Set262 (4) : 40910 40911 41208 41209
Set263 (1) : 40913
Set264 (1) : 41212
Set265 (2) : 40916 41217
Set266 (1) : 41218
Set267 (3) : 40927 41226 41227
Set268 (1) : 41228
Set269 (7) : 40951 40648 40649 40952 40953 41250 40949
Set270 (1) : 41253
Set271 (4) : 40975 40976 40977 41274
Set272 (0) :
Set273 (5) : 40384 40385 40682 40683 41279
Set274 (4) : 40988 40989 41288 41289
Set275 (8) : 40694 40695 40992 40993 40994 40995 41292 41293
Set276 (2) : 41298 41299
Set277 (2) : 41300 41301
Set278 (1) : 41310
Set279 (4) : 41015 41016 41017 41315
Set280 (4) : 41020 41021 41320 41321
Set281 (3) : 41024 41025 41322
Set282 (0) :
Set283 (1) : 41028
Set284 (0) :
Set285 (2) : 41186 41187
Set286 (0) :
Set287 (3) : 41502 41200 41201
Set288 (1) : 41504
Set289 (1) : 41509
Set290 (0) :
Set291 (1) : 41517
Set292 (4) : 41222 41223 41520 41521
Set293 (0) :
Set294 (0) :
Set295 (1) : 41528
Set296 (5) : 41242 41243 41244 41245 41542
Set297 (2) : 41248 41249
Set298 (8) : 40364 40365 41259 40366 40367 40664 40665 41558
Set299 (15) : 40668 40669 40968 40969 40666 41268 41269 40966 40967 41568 41569 41266 41267 40964 40965
Set300 (4) : 41272 41273 41572 41573
Set301 (0) :
Set302 (5) : 40985 41283 41284 41582 41583
Set303 (0) :
Set304 (3) : 41290 41291 41590
Set305 (1) : 41294
Set306 (3) : 41309 41608 41306
Set307 (1) : 41610
Set308 (3) : 41316 41317 41615
Set309 (2) : 41616 41617
Set310 (1) : 41620
Set311 (1) : 41624
Set312 (15) : 38650 38651 38948 38949 39246 39247 39544 39545 40438 40439 41034 41035 41332 41333 41630
Set313 (16) : 38652 38653 38950 38951 39248 39249 39546 39547 39844 39845 40738 40739 41334 41335 41632 41633
Set314 (26) : 41480 41481 41178 41179 40574 40575 40272 40273 39970 39971 39668 39669 39064 39065 38762 38763 41780 41781 41478 41479 40270 40271 39968 39969 39364 39062
Set315 (1) : 41804
Set316 (3) : 41511 41810 41811
Set317 (2) : 41816 41817
Set318 (0) :
Set319 (0) :
Set320 (5) : 40934 40935 41232 41233 41829
Set321 (4) : 41553 41554 41555 41852
Set322 (0) :
Set323 (2) : 41561 41858
Set324 (6) : 41868 41869 41566 41567 41264 41265
Set325 (4) : 41577 41578 41579 41876
Set326 (0) :
Set327 (0) :
Set328 (2) : 41589 41888
Set329 (2) : 41595 41894
Set330 (3) : 41599 41600 41601
Set331 (2) : 41305 41901
Set332 (1) : 41606
Set333 (2) : 41622 41623
Set334 (1) : 41924
Set335 (1) : 41629
Set336 (0) :
Set337 (15) : 38952 38953 39250 39251 39548 39549 39846 39847 40144 40145 41038 41039 41634 41635 41933
Set338 (50) : 39662 39663 39058 39059 39664 39665 39963 39358 39359 39056 39057 38758 38759 39965 40262 40263 39658 39659 39356 39357 39054 39055 38756 38757 38458 38459 40264 40265 40562 40563 39958 39959 39656 39657 39354 39355 39052 39053 38754 38755 38456 38457 38158 38159 40564 40565 40862 40863 40258 40259
Set339 (11) : 41484 41485 42081 41778 41779 41174 41175 40570 40571 40268 40269
Set340 (6) : 41491 41788 41789 41790 42089 41787
Set341 (3) : 41197 42090 42091
Set342 (6) : 42104 42105 41802 41803 41500 41501
Set343 (2) : 41809 42108
Set344 (2) : 41812 41813
Set345 (1) : 42113
Set346 (0) :
Set347 (6) : 41234 41235 41532 41533 42128 42129
Set348 (8) : 41843 41239 41845 42142 42143 41538 41236 41237
Set349 (1) : 42144
Set350 (5) : 41848 41849 41850 41851 42148
Set351 (1) : 42150
Set352 (1) : 42152
Set353 (4) : 41873 41874 41875 42172
Set354 (1) : 42174
Set355 (1) : 42176
Set356 (2) : 41884 41885
Set357 (3) : 41890 41891 42189
Set358 (3) : 41892 41893 42190
Set359 (1) : 42192
Set360 (0) :
Set361 (0) :
Set362 (4) : 41911 42208 41907 41604
Set363 (0) :
Set364 (5) : 41914 41915 41916 41917 42214
Set365 (3) : 41920 41921 42220
Set366 (0) :
Set367 (1) : 42225
Set368 (16) : 39252 39253 39550 39551 39848 39849 40146 40147 40444 40445 41338 41339 41934 41935 42232 42233
Set369 (50) : 39956 39957 39654 39655 39352 39353 40864 40865 41162 41163 40558 40559 40256 40257 39954 39955 39652 39653 40568 40569 41164 41165 41463 40858 40859 40556 40557 40254 40255 39952 39953 39348 39349 38752 38753 38454 38455 38156 38157 40868 40869 41464 41465 41158 41159 40856 40857 40554 40555 40252
Set370 (47) : 40871 41168 41764 41765 41170 42064 42065 40253 39648 39649 39346 39347 39048 39049 38452 38453 38154 38155 37856 37857 37558 37559 41768 41769 42063 41458 41459 41156 41157 40854 40855 40552 40553 39948 39949 39646 39647 39046 39047 38748 38749 38152 38153 37854 37855 37556 37557
Set371 (5) : 41784 41785 42380 42381 41475
Set372 (5) : 42085 42086 42087 42384 42385
Set373 (4) : 42102 42103 41800 41801
Set374 (1) : 42408
Set375 (2) : 42412 42413
Set376 (2) : 42416 42417
Set377 (6) : 41534 41535 41832 41833 42428 42429
Set378 (13) : 41536 41537 41836 41837 42137 41834 41835 42138 42139 42436 42437 42134 42135
Set379 (0) :
Set380 (0) :
Set381 (0) :
Set382 (2) : 42155 42454
Set383 (1) : 42473
Set384 (2) : 42179 42478
Set385 (4) : 42182 42183 42482 42483
Set386 (1) : 42490
Set387 (2) : 42201 42498
Set388 (1) : 42207
Set389 (0) :
Set390 (2) : 42520 42521
Set391 (1) : 42522
Set392 (3) : 42229 42231 42528
Set393 (0) :
Set394 (5) : 42680 42681 42379 41774 41775
Set395 (3) : 42386 42387 42684
Set396 (7) : 42388 42389 41496 42390 42391 42688 42689
Set397 (4) : 41797 42095 42690 42691
Set398 (2) : 42410 42411
Set399 (6) : 41823 42120 42418 42419 42716 42717
Set400 (3) : 42132 42133 42728
Set401 (4) : 42434 42435 42432 42433
Set402 (0) :
Set403 (5) : 42448 42449 42450 42451 42748
Set404 (3) : 42452 42453 42750
Set405 (1) : 42753
Set406 (5) : 41860 41861 42158 42159 42755
Set407 (9) : 41564 41565 42160 42161 41864 41865 42460 42461 42759
Set408 (4) : 42475 42476 42477 42774
Set409 (0) :
Set410 (3) : 42485 42784 42785
Set411 (3) : 42488 42489 42788
Set412 (5) : 42493 42494 42495 42792 42793
Set413 (0) :
Set414 (5) : 42204 42205 42806 42807 42504
Set415 (1) : 42810
Set416 (6) : 42216 42217 42514 42515 42516 42517
Set417 (3) : 42525 42822 42823
Set418 (1) : 42825
Set419 (1) : 42829
Set420 (6) : 42980 42981 42678 42679 42075 41772
Set421 (4) : 42686 42687 42986 42987
Set422 (2) : 42988 42989
Set423 (5) : 42705 42100 42101 42702 42703
Set424 (2) : 42708 42709
Set425 (2) : 42712 43012
Set426 (5) : 42122 42420 42718 42719 43017
Set427 (1) : 42423
Set428 (0) :
Set429 (2) : 42739 43038
Set430 (5) : 42742 42743 42744 42745 43042
Set431 (1) : 43045
Set432 (1) : 43048
Set433 (0) :
Set434 (7) : 41866 41867 42164 42165 42760 42761 43058
Set435 (6) : 42166 42167 42464 42465 43060 43061
Set436 (8) : 42772 42773 42168 42169 43072 43073 42468 42469
Set437 (2) : 43074 43075
Set438 (3) : 42783 43082 43083
Set439 (2) : 43084 43085
Set440 (4) : 42805 43104 43105 42500
Set441 (3) : 42809 43106 43107
Set442 (0) :
Set443 (1) : 43111
Set444 (2) : 42816 42817
Set445 (4) : 42820 42821 43120 43121
Set446 (2) : 43124 43125
Set447 (29) : 40148 40149 40446 40447 40744 40745 41638 41639 42234 42235 42532 42533 42831 40150 40151 40448 40449 40746 40747 41044 41045 41938 41939 42534 42535 42832 42833 43130 43131
Set448 (18) : 40152 40153 40450 40451 40748 40749 41046 41047 41344 41345 42238 42239 42834 42835 43132 43133 39850 39851
Set449 (11) : 42978 42979 42374 41770 41771 43278 43279 42674 42675 42372 42373
Set450 (1) : 43280
Set451 (4) : 42984 42985 43284 43285
Set452 (12) : 42096 42097 42394 42395 42990 42991 42396 42397 42694 42695 43290 43291
Set453 (1) : 43305
Set454 (1) : 43310
Set455 (4) : 43018 43019 43316 43317
Set456 (0) :
Set457 (0) :
Set458 (10) : 43034 43035 42732 42733 43036 43037 43334 43335 43032 43033
Set459 (2) : 43336 43337
Set460 (2) : 43338 43339
Set461 (5) : 43053 43054 43055 43352 43353
Set462 (0) :
Set463 (0) :
Set464 (6) : 42466 42467 42764 42765 43360 43361
Set465 (5) : 42779 43077 43078 43079 43376
Set466 (2) : 43378 43379
Set467 (6) : 42790 42791 43088 43089 43388 43389
Set468 (3) : 43404 43405 42800
Set469 (2) : 43406 43407
Set470 (0) :
Set471 (1) : 43414
Set472 (4) : 43122 43123 43422 43423
Set473 (2) : 43424 43425
Set474 (4) : 43128 43129 43428 43429
Set475 (2) : 43430 43431
Set476 (16) : 40452 40453 40750 40751 41048 41049 41346 41347 41644 41645 42538 42539 43134 43135 43432 43433
Set477 (50) : 42664 42665 42362 42363 41758 41759 41456 41457 41154 41155 40852 40853 42369 42662 42663 41756 41757 41454 41455 41152 41153 40548 40549 42370 42371 42668 43264 43265 42056 42057 41754 41755 41452 41453 40848 40849 40546 40547 40248 40249 42670 42671 42968 42969 43564 43565 43262 43263 42658 42659
Set478 (16) : 42672 42673 42970 42971 42972 42973 43270 43271 42974 42975 43272 43273 43570 43571 43268 43269
Set479 (4) : 43274 43275 43572 43573
Set480 (2) : 43580 43581
Set481 (6) : 43286 43287 43288 43289 43586 43587
Set482 (2) : 43588 43589
Set483 (5) : 42697 42994 42995 43590 43591
Set484 (8) : 42996 42997 43294 43295 43296 43297 43594 43595
Set485 (2) : 43309 43608
Set486 (3) : 43312 43313 43611
Set487 (1) : 43613
Set488 (1) : 43616
Set489 (0) :
Set490 (4) : 43028 43029 43326 43327
Set491 (4) : 43343 43344 43345 43642
Set492 (1) : 43644
Set493 (4) : 43350 43351 43348 43349
Set494 (0) :
Set495 (2) : 43658 43659
Set496 (6) : 42766 42767 43064 43065 43660 43661
Set497 (14) : 42768 42769 43066 43067 43068 43069 43366 43367 43368 43369 43666 43667 43364 43365
Set498 (4) : 43373 43374 43375 43672
Set499 (0) :
Set500 (1) : 43676
Set501 (6) : 43384 43385 43684 43685 43382 43383
Set502 (7) : 43390 43391 43095 43392 43393 43690 43691
Set503 (3) : 43411 43708 43709
Set504 (1) : 43711
Set505 (1) : 43417
Set506 (4) : 43722 43723 43420 43421
Set507 (2) : 43724 43725
Set508 (2) : 43728 43729
Set509 (4) : 43574 43575 43872 43873
Set510 (2) : 43874 43875
Set511 (4) : 43880 43881 43578 43579
Set512 (5) : 43000 43596 43597 43894 43895
Set513 (6) : 43604 43605 43302 43303 43904 43603
Set514 (1) : 43909
Set515 (3) : 43619 43916 43917
Set516 (1) : 43918
Set517 (1) : 43921
Set518 (1) : 43923
Set519 (4) : 43629 43332 43333 43928
Set520 (8) : 43636 43637 43638 43639 43936 43937 43634 43635
Set521 (1) : 43939
Set522 (0) :
Set523 (0) :
Set524 (2) : 43655 43954
Set525 (0) :
Set526 (2) : 43960 43961
Set527 (0) :
Set528 (3) : 43679 43978 43979
Set529 (4) : 43682 43683 43982 43983
Set530 (10) : 43704 43705 43100 43101 43706 43707 44004 43400 43401 43099
Set531 (2) : 44006 44007
Set532 (2) : 44008 44009
Set533 (2) : 44010 44011
Set534 (4) : 43730 43731 44028 44029
Set535 (44) : 42356 42357 42054 42055 41752 41753 41148 41149 43864 43865 43562 43563 42958 42959 42656 42657 42354 42355 42052 42053 41448 41449 41146 41147 43568 43569 44164 44165 43862 43863 43258 43259 42956 42957 42654 42655 42352 42353 41748 41749 41446 41447 40846 40847
Set536 (6) : 43868 43869 43870 43871 44168 44169
Set537 (2) : 44170 44171
Set538 (2) : 44172 44173
Set539 (2) : 44174 44175
Set540 (10) : 43888 43889 43890 43891 44188 44189 43886 43887 43584 43585
Set541 (2) : 44190 44191
Set542 (0) :
Set543 (3) : 43910 43911 43913
Set544 (1) : 44212
Set545 (0) :
Set546 (1) : 44221
Set547 (2) : 43927 44226
Set548 (3) : 43632 43633 44229
Set549 (6) : 43648 43649 43949 43950 43951 44248
Set550 (4) : 43952 43953 44250 44251
Set551 (0) :
Set552 (0) :
Set553 (4) : 43664 43665 44260 44261
Set554 (4) : 43975 43976 43977 44274
Set555 (0) :
Set556 (0) :
Set557 (6) : 43984 43985 43688 43689 44284 44285
Set558 (7) : 43988 43989 43394 43395 43692 43693 43990
Set559 (12) : 43694 43695 43398 43399 43994 43995 43698 43699 44294 44295 43992 43993
Set560 (1) : 44306
Set561 (2) : 44310 44311
Set562 (7) : 43716 43717 44015 44016 44017 44314 44315
Set563 (10) : 44022 44023 43720 43721 44024 44025 44322 44323 44020 44021
Set564 (2) : 44324 44325
Set565 (16) : 41348 41349 41646 41647 41944 41945 42838 42839 43434 43435 43732 43733 44030 44031 44328 44329
Set566 (16) : 41350 41351 41648 41649 41946 41947 42244 42245 43138 43139 43734 43735 44032 44033 44330 44331
Set567 (30) : 44162 44163 43558 43559 43256 43257 42954 42955 42652 42653 42048 42049 41746 41747 44462 44463 43858 43859 43556 43557 43254 43255 42952 42953 42348 42349 42046 42047 41442 41443
Set568 (2) : 44464 44465
Set569 (2) : 44468 44469
Set570 (2) : 44470 44471
Set571 (2) : 44472 44473
Set572 (5) : 44186 44187 43884 44486 44487
Set573 (2) : 44488 44489 
Set574 (4) : 43600 44197 44494 44495
Set575 (1) : 44496
Set576 (7) : 43903 44202 44205 44502 44503 44200 44201
Set577 (1) : 44504
Set578 (1) : 44512
Set579 (3) : 44518 44519 44216
Set580 (4) : 44222 44223 44520 44521
Set581 (0) :
Set582 (0) :
Set583 (4) : 43932 43933 44528 44529
Set584 (6) : 44239 44538 44236 44237 43934 43935
Set585 (4) : 44242 44243 44244 44245
Set586 (0) :
Set587 (0) :
Set588 (0) :
Set589 (3) : 44258 44259 44558
Set590 (7) : 44272 44273 43668 43669 44573 43968 43969
Set591 (1) : 44574
Set592 (3) : 44282 44283 44582
Set593 (1) : 44585
Set594 (4) : 44290 44291 44292 44590
Set595 (0) :
Set596 (7) : 44305 43700 43701 44604 44605 44000 44001
Set597 (3) : 44308 44309 44606
Set598 (2) : 44608 44609
Set599 (2) : 44610 44611
Set600 (4) : 44316 44317 44614 44615
Set601 (4) : 44320 44321 44620 44621
Set602 (2) : 44624 44625
Set603 (16) : 41650 41651 41948 41949 42246 42247 42544 42545 43438 43439 44034 44035 44332 44333 44630 44631
Set604 (16) : 44762 44763 44158 44159 43856 43857 43554 43555 43252 43253 42648 42649 42346 42347 41742 41743
Set605 (2) : 44764 44765
Set606 (6) : 43878 43879 44474 44475 44772 44773
Set607 (2) : 44484 44485
Set608 (4) : 44490 44491 44790 44791
Set609 (0) :
Set610 (2) : 44208 44209
Set611 (1) : 44517
Set612 (0) :
Set613 (2) : 44826 44827
Set614 (4) : 44536 44537 44234 44235
Set615 (4) : 44553 44554 44555 44852
Set616 (0) :
Set617 (6) : 43964 43965 44560 44561 44858 44859
Set618 (4) : 44577 44578 44579 44876
Set619 (1) : 44879
Set620 (0) :
Set621 (2) : 44589 44888
Set622 (4) : 43998 43999 44595 44894
Set623 (4) : 44300 44599 44600 44601
Set624 (0) :
Set625 (1) : 44906
Set626 (2) : 44908 44909
Set627 (4) : 44616 44617 44914 44915
Set628 (4) : 44622 44623 44922 44923
Set629 (2) : 44924 44925
Set630 (4) : 44628 44629 44928 44929
Set631 (16) : 41950 41951 42248 42249 42546 42547 42844 42845 43738 43739 44334 44335 44632 44633 44930 44931
Set632 (50) : 44458 44459 44156 44157 43854 43855 43552 43553 42948 42949 42646 42647 42042 42043 44758 44759 44456 44457 44154 44155 43852 43853 43248 43249 42946 42947 42342 42343 42040 42041 45058 45059 44756 44757 44454 44455 44152 44153 43548 43549 43246 43247 42642 42643 42340 42341 42038 42039 41740 41741
Set633 (2) : 45062 45063
Set634 (2) : 45064 45065
Set635 (6) : 44768 44769 44770 44771 45068 45069
Set636 (2) : 45070 45071
Set637 (6) : 44178 44179 44774 44775 45072 45073
Set638 (5) : 44478 44479 44778 44781 45079
Set639 (5) : 44511 44809 44810 45108 45109
Set640 (2) : 44812 44813
Set641 (1) : 44816
Set642 (1) : 45119
Set643 (3) : 44823 45120 45121
Set644 (1) : 45122
Set645 (4) : 44232 44233 44828 45126
Set646 (4) : 44843 44844 44845 45142
Set647 (1) : 45144
Set648 (4) : 44848 44849 44850 44851
Set649 (0) :
Set650 (1) : 45153
Set651 (12) : 43966 43967 44264 44265 44860 44861 44266 44267 44564 44565 45160 45161
Set652 (9) : 44873 44268 44269 44874 44875 45172 45173 44568 44569
Set653 (1) : 45174
Set654 (1) : 45177
Set655 (3) : 44884 44885 45185
Set656 (1) : 44891
Set657 (3) : 44892 44893 45190
Set658 (0) :
Set659 (0) :
Set660 (0) :
Set661 (4) : 44910 44911 45208 45209
Set662 (2) : 45210 45211
Set663 (4) : 44916 44917 45214 45215
Set664 (4) : 44920 44921 45220 45221
Set665 (2) : 45222 45223
Set666 (2) : 45224 45225
Set667 (2) : 45228 45229
Set668 (18) : 45358 45359 45056 45057 44754 44755 44452 44453 43848 43849 43546 43547 42942 42943 42640 42641 42338 42339
Set669 (2) : 45362 45363
Set670 (2) : 45364 45365
Set671 (4) : 45074 45075 45374 45375
Set672 (5) : 44801 44802 44803 45100 45103
Set673 (3) : 45104 45105 45403
Set674 (1) : 45404
Set675 (0) :
Set676 (1) : 45420
Set677 (5) : 44532 44533 45129 45426 45427
Set678 (2) : 44535 45428
Set679 (11) : 44836 44837 45136 45137 44834 44835 45138 45139 45436 45437 45135
Set680 (2) : 45438 45439
Set681 (0) :
Set682 (1) : 45444
Set683 (3) : 45154 45155 45454
Set684 (2) : 45158 45159
Set685 (2) : 45179 45478
Set686 (1) : 45490
Set687 (2) : 45201 45498
Set688 (1) : 45500
Set689 (4) : 45204 45205 45207 45505
Set690 (0) :
Set691 (2) : 45508 45509
Set692 (2) : 45510 45511
Set693 (4) : 45216 45217 45516 45517
Set694 (2) : 45522 45523
Set695 (16) : 42548 42549 42846 42847 43144 43145 44038 44039 44634 44635 44932 44933 45230 45231 45528 45529
Set696 (16) : 42550 42551 42848 42849 43146 43147 43444 43445 44338 44339 44934 44935 45232 45233 45530 45531
Set697 (2) : 45662 45663
Set698 (6) : 45368 45369 45370 45371 45668 45669
Set699 (7) : 44786 44787 45085 45680 45681 45378 45379
Set700 (12) : 44788 44789 45086 45087 45384 45385 45088 45089 45386 45387 45684 45685
Set701 (4) : 45700 45701 45096 45097
Set702 (1) : 45702
Set703 (3) : 45410 45411 45413
Set704 (1) : 45712
Set705 (3) : 45416 45417 45418
Set706 (1) : 45721
Set707 (2) : 45722 45723
Set708 (2) : 45726 45727
Set709 (3) : 45132 45133 45729
Set710 (3) : 45434 45435 45735
Set711 (2) : 45736 45737
Set712 (4) : 45449 45450 45451 45748
Set713 (3) : 45452 45453 45750
Set714 (1) : 45752
Set715 (0) :
Set716 (11) : 45475 45476 45477 45774 45775 45472 45473 44868 44869 44566 44567
Set717 (0) :
Set718 (3) : 45488 45489 45789
Set719 (4) : 45493 45494 45495 45792
Set720 (0) :
Set721 (0) :
Set722 (0) :
Set723 (2) : 45806 45807
Set724 (2) : 45810 45811
Set725 (4) : 45514 45515 45814 45815
Set726 (4) : 45664 45665 45962 45963
Set727 (2) : 45964 45965
Set728 (4) : 45678 45679 45978 45979
Set729 (5) : 46000 46001 45396 45094 45095
Set730 (2) : 45705 46002
Set731 (1) : 46004
Set732 (2) : 45708 45709
Set733 (1) : 46011
Set734 (0) :
Set735 (1) : 46020
Set736 (1) : 46023
Set737 (2) : 46026 46027
Set738 (4) : 45738 45739 46038 46039
Set739 (6) : 45742 45743 45744 45745 46042 46043
Set740 (1) : 46044
Set741 (1) : 46049
Set742 (2) : 46050 46051
Set743 (14) : 44864 44865 45460 45461 45758 45759 44866 44867 45164 45165 45760 45761 46058 46059
Set744 (10) : 45772 45773 45168 45169 46072 46073 45468 45469 45166 45167
Set745 (4) : 45790 45791 46090 46091
Set746 (1) : 46093
Set747 (5) : 45808 45809 46106 46107 45805
Set748 (2) : 46108 46109
Set749 (2) : 46110 46111
Set750 (4) : 45816 45817 46114 46115
Set751 (4) : 45520 45521 46116 46117
Set752 (4) : 45980 45981 46280 46281
Set753 (11) : 45697 45394 45395 45996 45090 45091 46296 45994 45995 45390 45391
Set754 (1) : 46301
Set755 (2) : 46310 46311
Set756 (5) : 46017 46018 46019 46316 46317
Set757 (0) :
Set758 (2) : 46320 46321
Set759 (2) : 46322 46323
Set760 (5) : 46028 46029 45733 46328 46329
Set761 (4) : 46053 46054 46055 46352
Set762 (1) : 46355
Set763 (5) : 45464 45465 46060 46061 46359
Set764 (9) : 45182 45183 46077 46078 46079 46376 46377 46074 46075
Set765 (2) : 46408 46409
Set766 (2) : 46414 46415
Set767 (3) : 46302 46303 46600
Set768 (0) :
Set769 (3) : 46309 46608 46609
Set770 (2) : 46312 46313
Set771 (0) :
Set772 (0) :
Set773 (2) : 46620 46621
Set774 (2) : 46622 46623
Set775 (4) : 46326 46327 46626 46627
Set776 (6) : 46342 46343 46344 46345 46642 46643
Set777 (2) : 46644 46645
Set778 (6) : 46348 46349 46350 46351 46648 46649
Set779 (2) : 46650 46651
Set780 (2) : 46652 46653
Set781 (14) : 46372 46373 45768 45769 45466 45467 46374 46375 46672 46673 46068 46069 45766 45767
Set782 (2) : 46674 46675
Set783 (5) : 45485 45783 46379 46676 46677
Set784 (6) : 45820 45821 46416 46417 46714 46715
Set785 (8) : 45524 45525 45822 45823 46120 46121 46716 46717
Set786 (28) : 45388 45389 45686 45687 45984 45985 45688 45689 45986 45987 46284 46285 45690 45691 45988 45989 46286 46287 46584 46585 45990 45991 46288 46289 46586 46587 46884 46885
Set787 (3) : 46596 46597 46595
Set788 (1) : 46901
Set789 (2) : 46604 46605
Set790 (0) :
Set791 (4) : 46618 46619 46918 46919
Set792 (2) : 46920 46921
Set793 (2) : 46922 46923
Set794 (10) : 46032 46033 46628 46629 46034 46035 46332 46333 46928 46929
Set795 (14) : 46338 46339 46036 46037 46638 46639 46336 46337 46938 46939 46636 46637 46334 46335
Set796 (2) : 46942 46943
Set797 (2) : 46944 46945
Set798 (2) : 46954 46955
Set799 (11) : 45764 45765 46360 46361 46658 46659 46064 46065 46660 46661 46959
Set800 (6) : 46972 46973 46368 46369 46066 46067
Set801 (10) : 45784 46082 46083 46678 46679 46085 46382 46383 46978 46979
Set802 (20) : 46390 46391 46088 46089 46094 46095 46392 46393 46690 46691 46388 46389 46394 46395 46692 46693 46990 46991 46688 46689
Set803 (17) : 46104 46105 46404 46405 46406 46407 46704 46705 46100 46101 46706 46707 47004 47005 46400 46401 46099
Set804 (26) : 46580 46581 46278 46279 45674 45675 45372 45373 46880 46881 46578 46579 45974 45975 45672 45673 47180 47181 46878 46879 46274 46275 45972 45973 45670 45671
Set805 (8) : 46290 46291 46588 46589 46886 46887 47184 47185
Set806 (6) : 46894 46895 47194 47195 46590 46591
Set807 (2) : 46903 47202
Set808 (3) : 46910 46911 46913
Set809 (1) : 47212
Set810 (4) : 46916 46917 47216 47217
Set811 (2) : 47218 47219
Set812 (4) : 46926 46927 47226 47227
Set813 (4) : 46632 46633 47228 47229
Set814 (6) : 46948 46949 46950 46951 47248 47249
Set815 (4) : 46952 46953 47250 47251
Set816 (2) : 47252 47253
Set817 (2) : 47254 47255
Set818 (6) : 46974 46975 46976 46977 47274 47275
Set819 (2) : 47276 47277
Set820 (6) : 46384 46385 46682 46683 47278 47279
Set821 (6) : 46988 46989 47288 47289 46684 46685
Set822 (10) : 46694 46695 46992 46993 46398 46399 46994 46995 47292 47293
Set823 (10) : 46698 46699 46700 46701 46998 46999 47000 47001 47298 47299
Set824 (2) : 47300 47301
Set825 (12) : 46410 46411 46708 46709 47006 47007 46710 46711 47008 47009 47306 47307
Set826 (10) : 47480 47481 47178 47179 46574 46575 46272 46273 45970 45971
Set827 (6) : 47196 47197 47494 47495 46890 46891
Set828 (2) : 47496 47497
Set829 (4) : 47200 47201 47500 47501
Set830 (1) : 47205
Set831 (1) : 47504
Set832 (3) : 47208 47209 47509
Set833 (2) : 47512 47513
Set834 (6) : 47220 47221 47222 47223 47520 47521
Set835 (2) : 47522 47523
Set836 (2) : 47526 47527
Set837 (12) : 47238 47239 46936 46937 46634 46635 47538 47539 47236 47237 46934 46935
Set838 (6) : 47242 47243 47244 47245 47542 47543
Set839 (1) : 47544
Set840 (0) :
Set841 (2) : 47550 47551
Set842 (14) : 46364 46365 46960 46961 47258 47259 46366 46367 46664 46665 47260 47261 47558 47559
Set843 (10) : 47272 47273 46668 46669 47572 47573 46968 46969 46666 46667
Set844 (2) : 47574 47575
Set845 (10) : 46982 46983 46984 46985 47282 47283 47284 47285 47582 47583
Set846 (4) : 47290 47291 47590 47591
Set847 (4) : 47294 47295 47592 47593
Set848 (4) : 47304 47305 47604 47605
Set849 (6) : 47010 47011 47308 47309 47606 47607
Set850 (20) : 47478 47479 46874 46875 46572 46573 46270 46271 45968 45969 47778 47779 47174 47175 46872 46873 46570 46571 46268 46269
Set851 (2) : 47780 47781
Set852 (12) : 46888 46889 47186 47187 47484 47485 47188 47189 47486 47487 47784 47785
Set853 (4) : 47794 47795 47190 47191
Set854 (2) : 47796 47797
Set855 (2) : 47804 47805
Set856 (4) : 47510 47511 47810 47811
Set857 (6) : 47516 47517 47518 47519 47816 47817
Set858 (2) : 47818 47819
Set859 (2) : 47820 47821
Set860 (8) : 46932 46933 47528 47529 47232 47233 47828 47829
Set861 (8) : 47234 47235 47532 47533 47534 47535 47832 47833
Set862 (4) : 47536 47537 47834 47835
Set863 (2) : 47838 47839
Set864 (6) : 47552 47553 47554 47555 47852 47853
Set865 (2) : 47854 47855
Set866 (6) : 46964 46965 47560 47561 47858 47859
Set867 (6) : 46966 46967 47264 47265 47860 47861
Set868 (6) : 47576 47577 47578 47579 47876 47877
Set869 (2) : 47878 47879
Set870 (4) : 47584 47585 47882 47883
Set871 (4) : 47588 47589 47888 47889
Set872 (4) : 47594 47595 47894 47895
Set873 (6) : 47598 47599 47600 47601 47898 47899
Set874 (2) : 47900 47901
Set875 (2) : 47904 47905
Set876 (6) : 47310 47311 47608 47609 47906 47907
Set877 (2) : 48080 48081
Set878 (6) : 47800 47801 47802 47803 48100 48101
Set879 (2) : 48102 48103
Set880 (6) : 47812 47813 48110 48111 47808 47809
Set881 (2) : 48112 48113
Set882 (2) : 48116 48117
Set883 (4) : 47822 47823 48122 48123
Set884 (4) : 47826 47827 48126 48127
Set885 (5) : 47842 47843 47845 48142 48143
Set886 (2) : 48144 48145
Set887 (6) : 47848 47849 47850 47851 48148 48149
Set888 (2) : 48150 48151
Set889 (8) : 47874 47875 48174 48175 47872 47873 47268 47269
Set890 (2) : 48176 48177
Set891 (4) : 47890 47891 48188 48189
Set892 (4) : 47892 47893 48190 48191
Set893 (2) : 48192 48193
Set894 (2) : 48194 48195
Set895 (2) : 48198 48199
Set896 (12) : 48380 48381 48078 48079 47474 47475 47172 47173 46870 46871 46568 46569
Set897 (8) : 48096 48097 48396 48397 48094 48095 47490 47491
Set898 (2) : 48400 48401
Set899 (4) : 48104 48105 48404 48405
Set900 (4) : 48108 48109 48408 48409
Set901 (6) : 48118 48119 48120 48121 48418 48419
Set902 (2) : 48420 48421
Set903 (2) : 48422 48423
Set904 (4) : 48128 48129 48428 48429
Set905 (8) : 48132 48133 47836 47837 48134 48135 48432 48433
Set906 (2) : 48442 48443
Set907 (2) : 48444 48445
Set908 (6) : 48154 48155 48454 48455 48152 48153
Set909 (10) : 48158 48159 47266 47267 47564 47565 48160 48161 48458 48459
Set910 (10) : 48172 48173 47568 47569 48472 48473 47868 47869 47566 47567
Set911 (4) : 48178 48179 48478 48479
Set912 (8) : 47884 47885 48182 48183 48184 48185 48482 48483
Set913 (2) : 48490 48491
Set914 (4) : 48200 48201 48498 48499
Set915 (2) : 48500 48501
Set916 (12) : 48204 48205 47014 47015 47610 47611 47908 47909 48206 48207 48504 48505
Set917 (16) : 45824 45825 46122 46123 46420 46421 47016 47017 47314 47315 47910 47911 48208 48209 48506 48507
Set918 (12) : 48394 48395 47790 47791 47488 47489 48694 48695 48090 48091 47788 47789
Set919 (4) : 48402 48403 48702 48703
Set920 (6) : 48410 48411 48412 48413 48710 48711
Set921 (2) : 48712 48713
Set922 (4) : 48416 48417 48716 48717
Set923 (2) : 48718 48719
Set924 (6) : 48448 48449 48450 48451 48748 48749
Set925 (4) : 48452 48453 48750 48751
Set926 (2) : 48752 48753
Set927 (2) : 48754 48755
Set928 (6) : 47864 47865 48460 48461 48758 48759
Set929 (6) : 48474 48475 48476 48477 48774 48775
Set930 (2) : 48776 48777
Set931 (2) : 48778 48779
Set932 (4) : 48484 48485 48784 48785
Set933 (6) : 48492 48493 48494 48495 48792 48793
Set934 (2) : 48794 48795
Set935 (2) : 48798 48799
Set936 (2) : 48800 48801
Set937 (4) : 48696 48697 48996 48997
Set938 (4) : 48700 48701 49000 49001
Set939 (4) : 48704 48705 49002 49003
Set940 (2) : 49004 49005
Set941 (4) : 48708 48709 49008 49009
Set942 (2) : 49012 49013
Set943 (6) : 48720 48721 48722 48723 49020 49021
Set944 (8) : 48744 48745 49044 49045 48742 48743 48138 48139
Set945 (2) : 49050 49051
Set946 (8) : 47866 47867 48164 48165 48760 48761 49058 49059
Set947 (16) : 48994 48995 48390 48391 48088 48089 47786 47787 49294 49295 48690 48691 48388 48389 48086 48087
Set948 (2) : 49296 49297
Set949 (2) : 49304 49305
Set950 (4) : 49010 49011 49310 49311
Set951 (6) : 49016 49017 49018 49019 49316 49317
Set952 (2) : 49318 49319
Set953 (6) : 49052 49053 49054 49055 49352 49353
Set954 (2) : 49354 49355
Set955 (6) : 49300 49301 49302 49303 49600 49601
Set956 (2) : 49602 49603
Set957 (4) : 49308 49309 49608 49609
Set958 (4) : 49312 49313 49610 49611
Set959 (2) : 49612 49613
Set960 (2) : 49616 49617
Set961 (6) : 49652 49653 49350 49351 49048 49049
Set962 (2) : 49654 49655
Set963 (14) : 49596 49597 49896 49897 49594 49595 48990 48991 48688 48689 48386 48387 48084 48085
Set964 (2) : 49900 49901
Set965 (4) : 49604 49605 49904 49905
Set966 (2) : 49908 49909
Set967 (6) : 49952 49953 49650 49651 49348 49349
Set968 (4) : 49902 49903 50202 50203
Set969 (6) : 49910 49911 49912 49913 50210 50211
Set970 (2) : 50212 50213
Set971 (6) : 50204 50205 50502 50503 50200 50201
Set972 (2) : 50504 50505
Set973 (50) : 49344 49345 49042 49043 48438 48439 48136 48137 49644 49645 49342 49343 48738 48739 48436 48437 49944 49945 49642 49643 49038 49039 48736 48737 48434 48435 49648 49649 50244 50245 49942 49943 49338 49339 49036 49037 48734 48735 49948 49949 50544 50545 50242 50243 49638 49639 49336 49337 49034 49035
Set974 (8) : 49950 49951 50248 50249 50250 50251 50548 50549